MY_ACCOUNT_ID=0.0.7713528
MY_PRIVATE_KEY=3030020100300706052b8104000a042204201ffbacbb11f4e451a66b30b6dbdc12f92c5dccb3d17b86e2682b43172fd1799c
SECOND_ACCOUNT_ID=0.0.7713435
SECOND_PRIVATE_KEY=3030020100300706052b8104000a0422042066387a1866c79354ecfc516fc370279824e0d9d07f5f00a1ac1e3a55dd7af1a5